12 48 01 37 10 18 00
00 13 26 39 01 02 03
00 01 02 03 04 05 06
08 21 34 09 22 10 23
00 02 04 06 08 25 38
00 14 28 42 05 06 07
40 04 25 07 34 15 14
30 43 21 48 13 28 41
13 23 37 04 18 39 46
40 29 39 04 18 10 03
22 25 43 40 00 44 23
03 24 14 32 50 37 15
30 17 46 15 40 14 33
04 34 39 47 33 43 06
30 33 17 21 20 05 19
16 49 12 22 24 32 21
26 31 11 32 43 14 02
40 33 34 25 31 28 20
14 34 00 44 25 06 46
04 07 14 40 22 36 33
23 35 17 51 08 25 05
24 03 00 15 25 34 18
13 31 24 28 09 23 06
28 50 51 00 01 23 29
38 33 37 31 06 11 32
15 03 31 14 42 47 37
35 13 10 18 01 11 02
25 37 51 33 48 49 00
27 39 35 22 14 45 23
00 09 19 38 26 22 13
06 03 46 15 45 28 02
18 23 39 34 06 37 32
13 50 27 47 01 28 24
42 37 26 35 51 03 33
11 15 16 13 49 25 43
27 15 40 19 04 17 00
41 21 48 38 14 06 34
06 44 37 16 43 47 48
29 02 39 05 16 26 47
45 04 07 10 40 26 36
09 31 22 35 36 27 01
51 40 27 41 02 29 08
10 35 00 32 48 25 45
38 29 15 01 08 12 43
49 28 41 46 07 15 48
27 17 09 10 06 24 19
22 46 36 50 43 16 29
37 02 46 12 13 08 28
25 06 22 51 19 01 47
01 28 27 00 42 51 31
19 40 00 18 11 46 51
13 14 42 12 46 03 23
37 04 02 06 43 11 42
22 47 27 30 26 10 15
01 11 32 14 27 29 38
37 02 17 38 42 32 01
